Date	14/09/2022
Time	2:11 PM
Y_Unit_Label	Measurement (V)
X_Dimension	Supply+ (V)
***End_of_Header***
X_Values	Y_Values

0.000000	4.977985
0.010020	4.977971
0.020040	4.977943
0.030060	4.977991
0.040080	4.978002
0.050100	4.977965
0.060120	4.978046
0.070140	4.977999
0.080160	4.977990
0.090180	4.977983
0.100200	4.978040
0.110220	4.978041
0.120240	4.977978
0.130261	4.978044
0.140281	4.978039
0.150301	4.977957
0.160321	4.977871
0.170341	4.977956
0.180361	4.978015
0.190381	4.977978
0.200401	4.977958
0.210421	4.977981
0.220441	4.977937
0.230461	4.977914
0.240481	4.977932
0.250501	4.977846
0.260521	4.977814
0.270541	4.977831
0.280561	4.977852
0.290581	4.977848
0.300601	4.977904
0.310621	4.977864
0.320641	4.977909
0.330661	4.977915
0.340681	4.977958
0.350701	4.977943
0.360721	4.977940
0.370741	4.977866
0.380762	4.977899
0.390782	4.977922
0.400802	4.977812
0.410822	4.977748
0.420842	4.977778
0.430862	4.977669
0.440882	4.977570
0.450902	4.977565
0.460922	4.977307
0.470942	4.976847
0.480962	4.976071
0.490982	4.975979
0.501002	4.974755
0.511022	4.972623
0.521042	4.969305
0.531062	4.969435
0.541082	4.964067
0.551102	4.955160
0.561122	4.955226
0.571142	4.941770
0.581162	4.921591
0.591182	4.892512
0.601202	4.892139
0.611222	4.852219
0.621242	4.800985
0.631263	4.736433
0.641283	4.736699
0.651303	4.660710
0.661323	4.574664
0.671343	4.574537
0.681363	4.477363
0.691383	4.372654
0.701403	4.261609
0.711423	4.262103
0.721443	4.144536
0.731463	4.020636
0.741483	3.904008
0.751503	3.904045
0.761523	3.772170
0.771543	3.640029
0.781563	3.503298
0.791583	3.501444
0.801603	3.362799
0.811623	3.223309
0.821643	3.222983
0.831663	3.082861
0.841683	2.941306
0.851703	2.799145
0.861723	2.798821
0.871743	2.655819
0.881764	2.513644
0.891784	2.370483
0.901804	2.368310
0.911824	2.226231
0.921844	2.083386
0.931864	2.082801
0.941884	1.938895
0.951904	1.798482
0.961924	1.667626
0.971944	1.667582
0.981964	1.526467
0.991984	1.385861
1.002004	1.245534
1.012024	1.245436
1.022044	1.108051
1.032064	0.971089
1.042084	0.971363
1.052104	0.837840
1.062124	0.705682
1.072144	0.584328
1.082164	0.583098
1.092184	0.487211
1.102204	0.428078
1.112224	0.388931
1.122244	0.389065
1.132265	0.361568
1.142285	0.341467
1.152305	0.341468
1.162325	0.325983
1.172345	0.313704
1.182365	0.304702
1.192385	0.304622
1.202405	0.296024
1.212425	0.288635
1.222445	0.282235
1.232465	0.282203
1.242485	0.276456
1.252505	0.271358
1.262525	0.266755
1.272545	0.266716
1.282565	0.262499
1.292585	0.258609
1.302605	0.258619
1.312625	0.254988
1.322645	0.251647
1.332665	0.248506
1.342685	0.248490
1.352705	0.245597
1.362725	0.242848
1.372745	0.240278
1.382766	0.240255
1.392786	0.237795
1.402806	0.235586
1.412826	0.235591
1.422846	0.233299
1.432866	0.231144
1.442886	0.229083
1.452906	0.229073
1.462926	0.227108
1.472946	0.225220
1.482966	0.223427
1.492986	0.223432
1.503006	0.221683
1.513026	0.220020
1.523046	0.220014
1.533066	0.218410
1.543086	0.216862
1.553106	0.215369
1.563126	0.215360
1.573146	0.213925
1.583166	0.212539
1.593186	0.211185
1.603206	0.211183
1.613226	0.209860
1.623246	0.208730
1.633267	0.207522
1.643287	0.207525
1.653307	0.206362
1.663327	0.205235
1.673347	0.205236
1.683367	0.204132
1.693387	0.203066
1.703407	0.202035
1.713427	0.202030
1.723447	0.201008
1.733467	0.200016
1.743487	0.199035
1.753507	0.199036
1.763527	0.198089
1.773547	0.197161
1.783567	0.197155
1.793587	0.196252
1.803607	0.195365
1.813627	0.194489
1.823647	0.194488
1.833667	0.193630
1.843687	0.192848
1.853707	0.192019
1.863727	0.192012
1.873747	0.191205
1.883768	0.190403
1.893788	0.190412
1.903808	0.189623
1.913828	0.188855
1.923848	0.188093
1.933868	0.188084
1.943888	0.187348
1.953908	0.186618
1.963928	0.185905
1.973948	0.185904
1.983968	0.185195
1.993988	0.184508
2.004008	0.183820
2.014028	0.183823
2.024048	0.183152
2.034068	0.182490
2.044088	0.182477
2.054108	0.181834
2.064128	0.181255
2.074148	0.180634
2.084168	0.180636
2.094188	0.180023
2.104208	0.179420
2.114228	0.178826
2.124248	0.178829
2.134269	0.178252
2.144289	0.177673
2.154309	0.177666
2.164329	0.177096
2.174349	0.176539
2.184369	0.175985
2.194389	0.175986
2.204409	0.175438
2.214429	0.174900
2.224449	0.174367
2.234469	0.174370
2.244489	0.173845
2.254509	0.173321
2.264529	0.173319
2.274549	0.172808
2.284569	0.172329
2.294589	0.171817
2.304609	0.171817
2.314629	0.171305
2.324649	0.170807
2.334669	0.170307
2.344689	0.170307
2.354709	0.169815
2.364729	0.169325
2.374749	0.169326
2.384770	0.168847
2.394790	0.168374
2.404810	0.167903
2.414830	0.167900
2.424850	0.167443
2.434870	0.166985
2.444890	0.166525
2.454910	0.166523
2.464930	0.166073
2.474950	0.165630
2.484970	0.165185
2.494990	0.165185
2.505010	0.164784
2.515030	0.164351
2.525050	0.164348
2.535070	0.163922
2.545090	0.163499
2.555110	0.163080
2.565130	0.163083
2.575150	0.162665
2.585170	0.162258
2.595190	0.161851
2.605210	0.161852
2.615230	0.161451
2.625251	0.161050
2.635271	0.161049
2.645291	0.160654
2.655311	0.160261
2.665331	0.159875
2.675351	0.159877
2.685371	0.159493
2.695391	0.159111
2.705411	0.158731
2.715431	0.158733
2.725451	0.158384
2.735471	0.158008
2.745491	0.158009
2.755511	0.157635
2.765531	0.157271
2.775551	0.156907
2.785571	0.156906
2.795591	0.156547
2.805611	0.156184
2.815631	0.155832
2.825651	0.155831
2.835671	0.155478
2.845691	0.155128
2.855711	0.154782
2.865731	0.154785
2.875752	0.154434
2.885772	0.154092
2.895792	0.154094
2.905812	0.153755
2.915832	0.153418
2.925852	0.153082
2.935872	0.153086
2.945892	0.152785
2.955912	0.152458
2.965932	0.152139
2.975952	0.152135
2.985972	0.151817
2.995992	0.151499
3.006012	0.151500
3.016032	0.151185
3.026052	0.150874
3.036072	0.150562
3.046092	0.150558
3.056112	0.150251
3.066132	0.149948
3.076152	0.149642
3.086172	0.149640
3.096192	0.149344
3.106212	0.149047
3.116232	0.149043
3.126253	0.148748
3.136273	0.148451
3.146293	0.148156
3.156313	0.148153
3.166333	0.147881
3.176353	0.147591
3.186373	0.147302
3.196393	0.147299
3.206413	0.147010
3.216433	0.146728
3.226453	0.146726
3.236473	0.146444
3.246493	0.146162
3.256513	0.145881
3.266533	0.145878
3.276553	0.145600
3.286573	0.145327
3.296593	0.145053
3.306613	0.145054
3.316633	0.144782
3.326653	0.144508
3.336673	0.144239
3.346693	0.144238
3.356713	0.143970
3.366733	0.143701
3.376754	0.143703
3.386774	0.143465
3.396794	0.143205
3.406814	0.142946
3.416834	0.142947
3.426854	0.142692
3.436874	0.142438
3.446894	0.142184
3.456914	0.142182
3.466934	0.141929
3.476954	0.141680
3.486974	0.141682
3.496994	0.141433
3.507014	0.141186
3.517034	0.140941
3.527054	0.140941
3.537074	0.140701
3.547094	0.140457
3.557114	0.140219
3.567134	0.140218
3.577154	0.139979
3.587174	0.139738
3.597194	0.139736
3.607214	0.139519
3.617234	0.139285
3.627255	0.139056
3.637275	0.139059
3.647295	0.138828
3.657315	0.138598
3.667335	0.138368
3.677355	0.138368
3.687375	0.138143
3.697395	0.137917
3.707415	0.137691
3.717435	0.137693
3.727455	0.137471
3.737475	0.137254
3.747495	0.137250
3.757515	0.137030
3.767535	0.136810
3.777555	0.136592
3.787575	0.136591
3.797595	0.136370
3.807615	0.136153
3.817635	0.135955
3.827655	0.135959
3.837675	0.135747
3.847695	0.135534
3.857715	0.135534
3.867735	0.135322
3.877756	0.135111
3.887776	0.134906
3.897796	0.134905
3.907816	0.134698
3.917836	0.134489
3.927856	0.134283
3.937876	0.134282
3.947896	0.134076
3.957916	0.133872
3.967936	0.133870
3.977956	0.133665
3.987976	0.133464
3.997996	0.133264
4.008016	0.133264
4.018036	0.133061
4.028056	0.132862
4.038076	0.132675
4.048096	0.132673
4.058116	0.132476
4.068136	0.132275
4.078156	0.132274
4.088176	0.132078
4.098196	0.131879
4.108216	0.131681
4.118236	0.131679
4.128257	0.131484
4.138277	0.131290
4.148297	0.131094
4.158317	0.131094
4.168337	0.130902
4.178357	0.130709
4.188377	0.130520
4.198397	0.130515
4.208417	0.130322
4.218437	0.130134
4.228457	0.130133
4.238477	0.129941
4.248497	0.129753
4.258517	0.129581
4.268537	0.129579
4.278557	0.129393
4.288577	0.129205
4.298597	0.129020
4.308617	0.129018
4.318637	0.128835
4.328657	0.128654
4.338677	0.128652
4.348697	0.128471
4.358717	0.128289
4.368737	0.128108
4.378758	0.128108
4.388778	0.127929
4.398798	0.127748
4.408818	0.127571
4.418838	0.127570
4.428858	0.127391
4.438878	0.127214
4.448898	0.127214
4.458918	0.127036
4.468938	0.126859
4.478958	0.126701
4.488978	0.126700
4.498998	0.126526
4.509018	0.126356
4.519038	0.126186
4.529058	0.126183
4.539078	0.126013
4.549098	0.125844
4.559118	0.125678
4.569138	0.125677
4.579158	0.125511
4.589178	0.125344
4.599198	0.125343
4.609218	0.125178
4.619238	0.125012
4.629259	0.124850
4.639279	0.124850
4.649299	0.124687
4.659319	0.124525
4.669339	0.124363
4.679359	0.124363
4.689379	0.124201
4.699399	0.124052
4.709419	0.124050
4.719439	0.123894
4.729459	0.123733
4.739479	0.123577
4.749499	0.123575
4.759519	0.123418
4.769539	0.123261
4.779559	0.123106
4.789579	0.123104
4.799599	0.122951
4.809619	0.122797
4.819639	0.122798
4.829659	0.122646
4.839679	0.122494
4.849699	0.122345
4.859719	0.122343
4.869739	0.122193
4.879760	0.122042
4.889780	0.121889
4.899800	0.121891
4.909820	0.121741
4.919840	0.121602
4.929860	0.121450
4.939880	0.121452
4.949900	0.121299
4.959920	0.121150
4.969940	0.121150
4.979960	0.121002
4.989980	0.120854
5.000000	0.120707
