Date	14/09/2022
Time	2:19 PM
Y_Unit_Label	Measurement (V)
X_Dimension	Supply+ (V)
***End_of_Header***
X_Values	Y_Values

0.000000	2.192188E-6
0.010020	-4.478668E-7
0.020040	-9.635308E-7
0.030060	-9.417422E-7
0.040080	-5.568099E-7
0.050100	-8.146419E-7
0.060120	-8.745606E-7
0.070140	-8.364305E-7
0.080160	-4.605768E-7
0.090180	-8.164576E-7
0.100200	-9.671623E-7
0.110220	-6.820944E-7
0.120240	-8.346148E-7
0.130261	-9.017964E-7
0.140281	-8.854549E-7
0.150301	-5.495470E-7
0.160321	-9.399265E-7
0.170341	-7.837747E-7
0.180361	-6.385172E-7
0.190381	-8.164576E-7
0.200401	-1.230441E-6
0.210421	-1.059764E-6
0.220441	-1.185048E-6
0.230461	-7.819590E-7
0.240481	-1.317596E-6
0.250501	-1.136024E-6
0.260521	-8.763763E-7
0.270541	-1.303070E-6
0.280561	-1.018002E-6
0.290581	-1.050685E-6
0.300601	-1.179601E-6
0.310621	-1.092447E-6
0.320641	6.560901E-7
0.330661	3.635684E-6
0.340681	3.504953E-6
0.350701	7.904439E-6
0.360721	1.354951E-5
0.370741	2.187095E-5
0.380762	2.174748E-5
0.390782	3.396363E-5
0.400802	5.105499E-5
0.410822	7.606288E-5
0.420842	7.638971E-5
0.430862	0.000114
0.440882	0.000169
0.450902	0.000169
0.460922	0.000249
0.470942	0.000369
0.480962	0.000545
0.490982	0.000542
0.501002	0.000804
0.511022	0.001193
0.521042	0.001702
0.531062	0.001704
0.541082	0.002504
0.551102	0.003644
0.561122	0.003638
0.571142	0.005271
0.581162	0.007510
0.591182	0.010501
0.601202	0.010514
0.611222	0.014348
0.621242	0.019075
0.631263	0.024745
0.641283	0.024813
0.651303	0.031252
0.661323	0.038457
0.671343	0.038491
0.681363	0.046492
0.691383	0.054987
0.701403	0.064055
0.711423	0.064055
0.721443	0.073582
0.731463	0.083407
0.741483	0.092893
0.751503	0.092958
0.761523	0.103523
0.771543	0.114356
0.781563	0.125537
0.791583	0.125546
0.801603	0.136756
0.811623	0.148164
0.821643	0.148266
0.831663	0.159752
0.841683	0.171446
0.851703	0.183107
0.861723	0.183113
0.871743	0.195047
0.881764	0.206946
0.891784	0.218913
0.901804	0.219150
0.911824	0.231011
0.921844	0.243237
0.931864	0.243359
0.941884	0.255541
0.951904	0.267674
0.961924	0.279040
0.971944	0.279208
0.981964	0.291582
0.991984	0.303965
1.002004	0.316313
1.012024	0.316502
1.022044	0.328901
1.032064	0.341463
1.042084	0.341481
1.052104	0.353953
1.062124	0.366564
1.072144	0.379179
1.082164	0.379167
1.092184	0.391855
1.102204	0.404630
1.112224	0.417767
1.122244	0.417792
1.132265	0.430904
1.142285	0.444082
1.152305	0.444108
1.162325	0.457249
1.172345	0.470728
1.182365	0.482874
1.192385	0.482962
1.202405	0.496276
1.212425	0.509917
1.222445	0.523260
1.232465	0.523209
1.242485	0.536660
1.252505	0.550229
1.262525	0.563558
1.272545	0.563477
1.282565	0.577001
1.292585	0.590384
1.302605	0.590250
1.312625	0.603876
1.322645	0.617292
1.332665	0.630847
1.342685	0.630864
1.352705	0.644280
1.362725	0.657881
1.372745	0.671389
1.382766	0.671482
1.392786	0.685080
1.402806	0.697852
1.412826	0.697870
1.422846	0.711783
1.432866	0.725670
1.442886	0.739504
1.452906	0.739541
1.462926	0.753458
1.472946	0.767362
1.482966	0.781422
1.492986	0.781318
1.503006	0.795136
1.513026	0.809035
1.523046	0.809191
1.533066	0.823035
1.543086	0.836933
1.553106	0.850897
1.563126	0.850810
1.573146	0.864960
1.583166	0.878753
1.593186	0.892786
1.603206	0.892778
1.613226	0.906713
1.623246	0.919276
1.633267	0.932653
1.643287	0.932714
1.653307	0.946330
1.663327	0.959788
1.673347	0.959853
1.683367	0.973336
1.693387	0.986857
1.703407	1.000297
1.713427	1.000332
1.723447	1.013751
1.733467	1.027393
1.743487	1.040825
1.753507	1.040775
1.763527	1.054295
1.773547	1.067818
1.783567	1.067942
1.793587	1.081470
1.803607	1.094980
1.813627	1.108548
1.823647	1.108554
1.833667	1.122012
1.843687	1.134794
1.853707	1.148521
1.863727	1.148511
1.873747	1.162105
1.883768	1.175924
1.893788	1.175858
1.903808	1.189606
1.913828	1.203497
1.923848	1.217218
1.933868	1.217228
1.943888	1.230888
1.953908	1.244569
1.963928	1.258202
1.973948	1.258293
1.983968	1.271863
1.993988	1.285672
2.004008	1.299483
2.014028	1.299493
2.024048	1.313155
2.034068	1.326901
2.044088	1.326947
2.054108	1.340744
2.064128	1.353123
2.074148	1.366538
2.084168	1.366526
2.094188	1.379985
2.104208	1.393438
2.114228	1.406930
2.124248	1.407007
2.134269	1.420379
2.144289	1.433801
2.154309	1.433824
2.164329	1.447257
2.174349	1.460643
2.184369	1.474199
2.194389	1.474347
2.204409	1.487845
2.214429	1.501194
2.224449	1.514580
2.234469	1.514518
2.244489	1.527987
2.254509	1.541403
2.264529	1.541435
2.274549	1.554856
2.284569	1.567772
2.294589	1.581550
2.304609	1.581572
2.314629	1.595326
2.324649	1.609207
2.334669	1.623029
2.344689	1.623015
2.354709	1.636956
2.364729	1.650748
2.374749	1.650698
2.384770	1.664473
2.394790	1.678433
2.404810	1.692140
2.414830	1.692094
2.424850	1.705996
2.434870	1.719907
2.444890	1.733810
2.454910	1.733744
2.464930	1.747608
2.474950	1.761511
2.484970	1.775376
2.494990	1.775328
2.505010	1.788125
2.515030	1.801993
2.525050	1.802130
2.535070	1.816051
2.545090	1.829869
2.555110	1.843633
2.565130	1.843845
2.575150	1.857594
2.585170	1.871422
2.595190	1.885279
2.605210	1.885359
2.615230	1.899203
2.625251	1.913078
2.635271	1.913032
2.645291	1.926801
2.655311	1.940637
2.665331	1.954361
2.675351	1.954384
2.685371	1.968236
2.695391	1.982047
2.705411	1.996055
2.715431	1.996037
2.725451	2.008814
2.735471	2.022790
2.745491	2.022858
2.755511	2.036935
2.765531	2.050889
2.775551	2.064782
2.785571	2.064828
2.795591	2.078797
2.805611	2.092728
2.815631	2.106691
2.825651	2.106718
2.835671	2.120704
2.845691	2.134603
2.855711	2.148527
2.865731	2.148533
2.875752	2.162424
2.885772	2.176526
2.895792	2.176499
2.905812	2.190447
2.915832	2.204544
2.925852	2.218434
2.935872	2.218584
2.945892	2.231277
2.955912	2.245116
2.965932	2.259057
2.975952	2.259019
2.985972	2.272841
2.995992	2.286801
3.006012	2.286858
3.016032	2.300562
3.026052	2.314364
3.036072	2.328298
3.046092	2.328191
3.056112	2.342035
3.066132	2.355918
3.076152	2.369728
3.086172	2.369673
3.096192	2.383485
3.106212	2.397334
3.116232	2.397332
3.126253	2.411264
3.136273	2.424999
3.146293	2.438775
3.156313	2.438827
3.166333	2.451685
3.176353	2.465694
3.186373	2.479578
3.196393	2.479587
3.206413	2.493498
3.216433	2.507489
3.226453	2.507509
3.236473	2.521473
3.246493	2.535408
3.256513	2.549383
3.266533	2.549327
3.276553	2.563422
3.286573	2.577226
3.296593	2.590866
3.306613	2.590969
3.316633	2.604906
3.326653	2.618879
3.336673	2.632806
3.346693	2.632831
3.356713	2.646830
3.366733	2.660733
3.376754	2.660827
3.386774	2.673422
3.396794	2.687231
3.406814	2.700896
3.416834	2.700984
3.426854	2.714604
3.436874	2.728538
3.446894	2.742241
3.456914	2.742247
3.466934	2.755772
3.476954	2.769699
3.486974	2.769624
3.496994	2.783261
3.507014	2.796944
3.517034	2.810799
3.527054	2.810896
3.537074	2.824569
3.547094	2.838092
3.557114	2.851750
3.567134	2.851734
3.577154	2.865411
3.587174	2.879103
3.597194	2.879228
3.607214	2.891681
3.617234	2.905297
3.627255	2.919003
3.637275	2.919121
3.647295	2.932795
3.657315	2.946299
3.667335	2.959929
3.677355	2.959983
3.687375	2.973631
3.697395	2.987345
3.707415	3.001052
3.717435	3.001219
3.727455	3.014796
3.737475	3.028307
3.747495	3.028361
3.757515	3.042059
3.767535	3.055969
3.777555	3.069464
3.787575	3.069360
3.797595	3.083194
3.807615	3.096870
3.817635	3.109447
3.827655	3.109429
3.837675	3.123009
3.847695	3.136665
3.857715	3.136640
3.867735	3.150320
3.877756	3.163962
3.887776	3.177662
3.897796	3.177639
3.907816	3.191159
3.917836	3.204736
3.927856	3.218440
3.937876	3.218435
3.947896	3.232117
3.957916	3.245711
3.967936	3.245763
3.977956	3.259330
3.987976	3.272918
3.997996	3.286425
4.008016	3.286498
4.018036	3.300106
4.028056	3.313657
4.038076	3.326351
4.048096	3.326366
4.058116	3.340224
4.068136	3.353992
4.078156	3.353944
4.088176	3.367721
4.098196	3.381591
4.108216	3.395428
4.118236	3.395498
4.128257	3.409251
4.138277	3.422969
4.148297	3.436942
4.158317	3.437089
4.168337	3.450749
4.178357	3.464603
4.188377	3.478324
4.198397	3.478430
4.208417	3.492251
4.218437	3.506004
4.228457	3.506002
4.238477	3.519820
4.248497	3.533759
4.258517	3.546497
4.268537	3.546565
4.278557	3.560656
4.288577	3.574466
4.298597	3.588295
4.308617	3.588397
4.318637	3.602226
4.328657	3.615992
4.338677	3.616053
4.348697	3.630008
4.358717	3.643768
4.368737	3.657659
4.378758	3.657605
4.388778	3.671475
4.398798	3.685370
4.408818	3.699269
4.418838	3.699381
4.428858	3.713178
4.438878	3.727010
4.448898	3.727009
4.458918	3.740791
4.468938	3.754664
4.478958	3.767211
4.488978	3.767282
4.498998	3.781028
4.509018	3.794604
4.519038	3.808335
4.529058	3.808269
4.539078	3.821954
4.549098	3.835683
4.559118	3.849437
4.569138	3.849471
4.579158	3.863121
4.589178	3.876816
4.599198	3.876885
4.609218	3.890501
4.619238	3.904012
4.629259	3.917809
4.639279	3.917875
4.649299	3.931508
4.659319	3.945225
4.669339	3.958896
4.679359	3.959125
4.689379	3.972957
4.699399	3.985413
4.709419	3.985420
4.719439	3.999049
4.729459	4.012643
4.739479	4.026307
4.749499	4.026361
4.759519	4.039995
4.769539	4.053523
4.779559	4.066976
4.789579	4.067136
4.799599	4.080704
4.809619	4.094328
4.819639	4.094480
4.829659	4.107851
4.839679	4.121540
4.849699	4.135116
4.859719	4.135136
4.869739	4.148651
4.879760	4.162410
4.889780	4.176074
4.899800	4.176213
4.909820	4.189750
4.919840	4.202424
4.929860	4.216295
4.939880	4.216411
4.949900	4.230061
4.959920	4.243735
4.969940	4.243798
4.979960	4.257601
4.989980	4.271387
5.000000	4.285073
