Date	14/09/2022
Time	2:14 PM
Y_Unit_Label	Measurement (V)
X_Dimension	Supply+ (V)
***End_of_Header***
X_Values	Y_Values

0.000000	2.678759E-6
0.010020	-1.982149E-6
0.020040	-3.020740E-6
0.030060	-3.679846E-6
0.040080	-3.855971E-6
0.050100	-3.794236E-6
0.060120	-6.299928E-6
0.070140	-6.757489E-6
0.080160	-6.454264E-6
0.090180	-6.076594E-6
0.100200	-5.960388E-6
0.110220	-6.488762E-6
0.120240	-5.944047E-6
0.130261	-6.436107E-6
0.140281	-6.278139E-6
0.150301	-6.031201E-6
0.160321	-6.096567E-6
0.170341	-6.258166E-6
0.180361	-5.905917E-6
0.190381	-6.054806E-6
0.200401	-6.022123E-6
0.210421	-6.098383E-6
0.220441	-6.111093E-6
0.230461	-5.971283E-6
0.240481	-5.753396E-6
0.250501	-6.151039E-6
0.260521	-5.885944E-6
0.270541	-6.287218E-6
0.280561	-6.051174E-6
0.290581	-5.891391E-6
0.300601	-5.648085E-6
0.310621	-6.043911E-6
0.320641	-4.331689E-6
0.330661	-2.052962E-6
0.340681	-1.980333E-6
0.350701	2.293868E-6
0.360721	9.504087E-6
0.370741	2.101393E-5
0.380762	2.100122E-5
0.390782	4.107762E-5
0.400802	7.520949E-5
0.410822	0.000132
0.420842	0.000132
0.430862	0.000230
0.440882	0.000395
0.450902	0.000395
0.460922	0.000668
0.470942	0.001123
0.480962	0.001902
0.490982	0.001903
0.501002	0.003202
0.511022	0.005389
0.521042	0.008566
0.531062	0.008603
0.541082	0.014247
0.551102	0.023050
0.561122	0.022973
0.571142	0.036582
0.581162	0.057240
0.591182	0.086479
0.601202	0.087055
0.611222	0.126765
0.621242	0.179107
0.631263	0.243717
0.641283	0.244141
0.651303	0.319552
0.661323	0.406586
0.671343	0.406799
0.681363	0.502389
0.691383	0.607515
0.701403	0.718434
0.711423	0.719894
0.721443	0.837723
0.731463	0.961535
0.741483	1.080809
0.751503	1.080539
0.761523	1.211525
0.771543	1.344571
0.781563	1.483188
0.791583	1.484142
0.801603	1.622174
0.811623	1.761499
0.821643	1.762818
0.831663	1.902559
0.841683	2.044308
0.851703	2.184757
0.861723	2.186098
0.871743	2.330410
0.881764	2.472908
0.891784	2.615197
0.901804	2.617919
0.911824	2.759641
0.921844	2.902851
0.931864	2.903850
0.941884	3.046396
0.951904	3.189459
0.961924	3.319819
0.971944	3.319864
0.981964	3.460375
0.991984	3.598511
1.002004	3.738337
1.012024	3.737945
1.022044	3.875233
1.032064	4.011068
1.042084	4.011847
1.052104	4.144619
1.062124	4.275212
1.072144	4.398104
1.082164	4.398414
1.092184	4.491568
1.102204	4.549237
1.112224	4.587881
1.122244	4.587629
1.132265	4.614881
1.142285	4.634508
1.152305	4.634427
1.162325	4.649758
1.172345	4.661925
1.182365	4.671093
1.192385	4.671115
1.202405	4.679577
1.212425	4.686901
1.222445	4.693382
1.232465	4.693373
1.242485	4.699088
1.252505	4.704158
1.262525	4.708836
1.272545	4.708848
1.282565	4.713056
1.292585	4.716929
1.302605	4.716929
1.312625	4.720616
1.322645	4.723891
1.332665	4.727005
1.342685	4.726960
1.352705	4.729931
1.362725	4.732729
1.372745	4.735306
1.382766	4.735229
1.392786	4.737748
1.402806	4.739941
1.412826	4.739942
1.422846	4.742222
1.432866	4.744371
1.442886	4.746340
1.452906	4.746333
1.462926	4.748341
1.472946	4.750296
1.482966	4.752056
1.492986	4.752071
1.503006	4.753730
1.513026	4.755400
1.523046	4.755386
1.533066	4.757055
1.543086	4.758615
1.553106	4.760080
1.563126	4.760058
1.573146	4.761571
1.583166	4.762905
1.593186	4.764360
1.603206	4.764306
1.613226	4.765681
1.623246	4.766754
1.633267	4.767969
1.643287	4.767953
1.653307	4.769140
1.663327	4.770258
1.673347	4.770202
1.683367	4.771220
1.693387	4.772389
1.703407	4.773376
1.713427	4.773437
1.723447	4.774484
1.733467	4.775590
1.743487	4.776449
1.753507	4.776326
1.763527	4.777344
1.773547	4.778275
1.783567	4.778299
1.793587	4.779215
1.803607	4.780073
1.813627	4.780977
1.823647	4.781061
1.833667	4.781869
1.843687	4.782669
1.853707	4.783503
1.863727	4.783478
1.873747	4.784285
1.883768	4.785091
1.893788	4.785066
1.903808	4.785884
1.913828	4.786719
1.923848	4.787429
1.933868	4.787411
1.943888	4.788133
1.953908	4.788859
1.963928	4.789527
1.973948	4.789504
1.983968	4.790292
1.993988	4.790892
2.004008	4.791692
2.014028	4.791704
2.024048	4.792355
2.034068	4.792963
2.044088	4.792938
2.054108	4.793582
2.064128	4.794189
2.074148	4.794758
2.084168	4.794794
2.094188	4.795468
2.104208	4.796062
2.114228	4.796806
2.124248	4.796718
2.134269	4.797273
2.144289	4.797854
2.154309	4.797824
2.164329	4.798429
2.174349	4.798970
2.184369	4.799545
2.194389	4.799480
2.204409	4.800031
2.214429	4.800609
2.224449	4.801138
2.234469	4.801070
2.244489	4.801575
2.254509	4.802111
2.264529	4.802168
2.274549	4.802704
2.284569	4.803166
2.294589	4.803657
2.304609	4.803653
2.314629	4.804161
2.324649	4.804615
2.334669	4.805131
2.344689	4.805161
2.354709	4.805660
2.364729	4.806186
2.374749	4.806105
2.384770	4.806628
2.394790	4.807015
2.404810	4.807573
2.414830	4.807534
2.424850	4.808038
2.434870	4.808491
2.444890	4.808925
2.454910	4.808929
2.464930	4.809437
2.474950	4.809893
2.484970	4.810210
2.494990	4.810288
2.505010	4.810583
2.515030	4.811072
2.525050	4.811082
2.535070	4.811527
2.545090	4.811961
2.555110	4.812357
2.565130	4.812419
2.575150	4.812902
2.585170	4.813300
2.595190	4.813728
2.605210	4.813742
2.615230	4.814076
2.625251	4.814478
2.635271	4.814539
2.645291	4.814855
2.655311	4.815343
2.665331	4.815671
2.675351	4.815597
2.685371	4.815999
2.695391	4.816365
2.705411	4.816765
2.715431	4.816748
2.725451	4.817139
2.735471	4.817565
2.745491	4.817529
2.755511	4.817836
2.765531	4.818289
2.775551	4.818561
2.785571	4.818645
2.795591	4.819067
2.805611	4.819401
2.815631	4.819711
2.825651	4.819624
2.835671	4.820027
2.845691	4.820348
2.855711	4.820747
2.865731	4.820738
2.875752	4.821077
2.885772	4.821360
2.895792	4.821446
2.905812	4.821762
2.915832	4.822143
2.925852	4.822480
2.935872	4.822579
2.945892	4.822857
2.955912	4.823162
2.965932	4.823491
2.975952	4.823460
2.985972	4.823752
2.995992	4.824060
3.006012	4.824075
3.016032	4.824356
3.026052	4.824683
3.036072	4.825019
3.046092	4.824956
3.056112	4.825322
3.066132	4.825729
3.076152	4.826001
3.086172	4.825932
3.096192	4.826326
3.106212	4.826621
3.116232	4.826651
3.126253	4.826829
3.136273	4.827193
3.146293	4.827488
3.156313	4.827514
3.166333	4.827799
3.176353	4.828097
3.186373	4.828297
3.196393	4.828313
3.206413	4.828560
3.216433	4.828915
3.226453	4.828818
3.236473	4.829180
3.246493	4.829448
3.256513	4.829767
3.266533	4.829775
3.276553	4.829974
3.286573	4.830287
3.296593	4.830557
3.306613	4.830549
3.316633	4.830817
3.326653	4.831157
3.336673	4.831328
3.346693	4.831230
3.356713	4.831585
3.366733	4.831873
3.376754	4.832001
3.386774	4.832186
3.396794	4.832464
3.406814	4.832695
3.416834	4.832718
3.426854	4.832906
3.436874	4.833217
3.446894	4.833475
3.456914	4.833488
3.466934	4.833756
3.476954	4.833996
3.486974	4.833984
3.496994	4.834258
3.507014	4.834400
3.517034	4.834698
3.527054	4.834742
3.537074	4.834983
3.547094	4.835098
3.557114	4.835409
3.567134	4.835383
3.577154	4.835608
3.587174	4.835892
3.597194	4.835857
3.607214	4.836087
3.617234	4.836281
3.627255	4.836647
3.637275	4.836626
3.647295	4.836834
3.657315	4.837104
3.667335	4.837324
3.677355	4.837360
3.687375	4.837522
3.697395	4.837760
3.707415	4.837993
3.717435	4.837951
3.727455	4.838156
3.737475	4.838381
3.747495	4.838424
3.757515	4.838669
3.767535	4.838871
3.777555	4.839099
3.787575	4.839125
3.797595	4.839291
3.807615	4.839523
3.817635	4.839715
3.827655	4.839712
3.837675	4.839968
3.847695	4.840220
3.857715	4.840224
3.867735	4.840501
3.877756	4.840595
3.887776	4.840846
3.897796	4.840906
3.907816	4.841055
3.917836	4.841287
3.927856	4.841461
3.937876	4.841424
3.947896	4.841627
3.957916	4.841857
3.967936	4.841867
3.977956	4.842147
3.987976	4.842408
3.997996	4.842587
4.008016	4.842607
4.018036	4.842801
4.028056	4.842901
4.038076	4.843115
4.048096	4.843171
4.058116	4.843333
4.068136	4.843646
4.078156	4.843544
4.088176	4.843757
4.098196	4.843958
4.108216	4.844195
4.118236	4.844158
4.128257	4.844380
4.138277	4.844520
4.148297	4.844723
4.158317	4.844771
4.168337	4.844861
4.178357	4.845134
4.188377	4.845352
4.198397	4.845383
4.208417	4.845554
4.218437	4.845765
4.228457	4.845762
4.238477	4.845987
4.248497	4.846086
4.258517	4.846281
4.268537	4.846248
4.278557	4.846477
4.288577	4.846620
4.298597	4.846707
4.308617	4.846864
4.318637	4.847088
4.328657	4.847276
4.338677	4.847234
4.348697	4.847424
4.358717	4.847617
4.368737	4.847722
4.378758	4.847771
4.388778	4.847900
4.398798	4.848115
4.408818	4.848313
4.418838	4.848303
4.428858	4.848530
4.438878	4.848639
4.448898	4.848633
4.458918	4.848871
4.468938	4.848973
4.478958	4.849165
4.488978	4.849233
4.498998	4.849510
4.509018	4.849549
4.519038	4.849682
4.529058	4.849704
4.539078	4.849891
4.549098	4.850131
4.559118	4.850250
4.569138	4.850270
4.579158	4.850480
4.589178	4.850621
4.599198	4.850562
4.609218	4.850810
4.619238	4.850981
4.629259	4.851109
4.639279	4.851186
4.649299	4.851438
4.659319	4.851537
4.669339	4.851710
4.679359	4.851686
4.689379	4.851926
4.699399	4.852083
4.709419	4.852023
4.719439	4.852223
4.729459	4.852416
4.739479	4.852688
4.749499	4.852655
4.759519	4.852832
4.769539	4.852945
4.779559	4.853183
4.789579	4.853144
4.799599	4.853277
4.809619	4.853508
4.819639	4.853547
4.829659	4.853682
4.839679	4.853815
4.849699	4.853984
4.859719	4.853969
4.869739	4.854153
4.879760	4.854424
4.889780	4.854539
4.899800	4.854624
4.909820	4.854698
4.919840	4.854856
4.929860	4.855030
4.939880	4.855034
4.949900	4.855129
4.959920	4.855365
4.969940	4.855328
4.979960	4.855482
4.989980	4.855720
5.000000	4.855802
